10,149
10,127
10,89
10,227
37,9
37,8
37,7
37,6
37,5
37,4
37,3
37,2
10,269
37,1
36,5
36,4
36,3
10,199
36,1
35,39
35,38
35,37
35,36
35,35
35,34
35,33
35,32
35,31
10,145
10,235
10,3
35,30
35,29
35,28
35,27
35,26
35,25
35,24
35,23
35,22
35,21
35,20
35,19
35,18
35,17
35,16
35,15
11,16
11,28
11,13
11,9
35,14
35,13
35,12
35,11
35,10
35,8
35,6
35,5
35,4
35,3
35,2
35,1
35,0
33,5
8,5
33,3
33,1
31,4
31,3
31,1
30,5
30,4
30,3
30,1
29,5
29,4
29,3
29,1
27,5
27,4
27,3
27,1
26,6
26,4
26,3
26,1
20,3
20,2
20,1
19,3
19,2
19,1
14,5
12,3
12,2
12,1
11,27
11,25
11,22
11,20
11,17
11,15
11,14
11,11
11,8
11,7
11,6
11,5
11,4
11,3
11,2
18,1
11,1
18,3
14,1
10,277
14,4
10,267
10,163
